@1100
00 00 00 00 00 00 00 00 00 00 00 00 00 00 00 00 
00 00 00 F8 00 00 00 00 00 00 00 33 30 00 00 00 
00 10 0C 06 10 0C 06 00 00 00 00 00 00 00 00 00 
40 C0 78 40 C0 78 40 00 04 3F 04 04 3F 04 04 00 
00 70 88 FC 08 30 00 00 00 18 20 FF 21 1E 00 00 
F0 08 F0 00 E0 18 00 00 00 21 1C 03 1E 21 1E 00 
00 F0 08 88 70 00 00 00 1E 21 23 24 19 27 21 10 
10 16 0E 00 00 00 00 00 00 00 00 00 00 00 00 00 
00 00 00 E0 18 04 02 00 00 00 00 07 18 20 40 00 
00 02 04 18 E0 00 00 00 00 40 20 18 07 00 00 00 
40 40 80 F0 80 40 40 00 02 02 01 0F 01 02 02 00 
00 00 00 F0 00 00 00 00 01 01 01 1F 01 01 01 00 
00 00 00 00 00 00 00 00 80 B0 70 00 00 00 00 00 
00 00 00 00 00 00 00 00 00 01 01 01 01 01 01 01 
00 00 00 00 00 00 00 00 00 30 30 00 00 00 00 00 
00 00 00 00 80 60 18 04 00 60 18 06 01 00 00 00 
00 E0 10 08 08 10 E0 00 00 0F 10 20 20 10 0F 00 
00 10 10 F8 00 00 00 00 00 20 20 3F 20 20 00 00 
00 70 08 08 08 88 70 00 00 30 28 24 22 21 30 00 
00 30 08 88 88 48 30 00 00 18 20 20 20 11 0E 00 
00 00 C0 20 10 F8 00 00 00 07 04 24 24 3F 24 00 
00 F8 08 88 88 08 08 00 00 19 21 20 20 11 0E 00 
00 E0 10 88 88 18 00 00 00 0F 11 20 20 11 0E 00 
00 38 08 08 C8 38 08 00 00 00 00 3F 00 00 00 00 
00 70 88 08 08 88 70 00 00 1C 22 21 21 22 1C 00 
00 E0 10 08 08 10 E0 00 00 00 31 22 22 11 0F 00 
00 00 00 C0 C0 00 00 00 00 00 00 30 30 00 00 00 
00 00 00 80 00 00 00 00 00 00 80 60 00 00 00 00 
00 00 80 40 20 10 08 00 00 01 02 04 08 10 20 00 
40 40 40 40 40 40 40 00 04 04 04 04 04 04 04 00 
00 08 10 20 40 80 00 00 00 20 10 08 04 02 01 00 
00 70 48 08 08 08 F0 00 00 00 00 30 36 01 00 00 
C0 30 C8 28 E8 10 E0 00 07 18 27 24 23 14 0B 00 
00 00 C0 38 E0 00 00 00 20 3C 23 02 02 27 38 20 
08 F8 88 88 88 70 00 00 20 3F 20 20 20 11 0E 00 
C0 30 08 08 08 08 38 00 07 18 20 20 20 10 08 00 
08 F8 08 08 08 10 E0 00 20 3F 20 20 20 10 0F 00 
08 F8 88 88 E8 08 10 00 20 3F 20 20 23 20 18 00 
08 F8 88 88 E8 08 10 00 20 3F 20 00 03 00 00 00 
C0 30 08 08 08 38 00 00 07 18 20 20 22 1E 02 00 
08 F8 08 00 00 08 F8 08 20 3F 21 01 01 21 3F 20 
00 08 08 F8 08 08 00 00 00 20 20 3F 20 20 00 00 
00 00 08 08 F8 08 08 00 C0 80 80 80 7F 00 00 00 
08 F8 88 C0 28 18 08 00 20 3F 20 01 26 38 20 00 
08 F8 08 00 00 00 00 00 20 3F 20 20 20 20 30 00 
08 F8 F8 00 F8 F8 08 00 20 3F 00 3F 00 3F 20 00 
08 F8 30 C0 00 08 F8 08 20 3F 20 00 07 18 3F 00 
E0 10 08 08 08 10 E0 00 0F 10 20 20 20 10 0F 00 
08 F8 08 08 08 08 F0 00 20 3F 21 01 01 01 00 00 
E0 10 08 08 08 10 E0 00 0F 18 24 24 38 50 4F 00 
08 F8 88 88 88 88 70 00 20 3F 20 00 03 0C 30 20 
00 70 88 08 08 08 38 00 00 38 20 21 21 22 1C 00 
18 08 08 F8 08 08 18 00 00 00 20 3F 20 00 00 00 
08 F8 08 00 00 08 F8 08 00 1F 20 20 20 20 1F 00 
08 78 88 00 00 C8 38 08 00 00 07 38 0E 01 00 00 
F8 08 00 F8 00 08 F8 00 03 3C 07 00 07 3C 03 00 
08 18 68 80 80 68 18 08 20 30 2C 03 03 2C 30 20 
08 38 C8 00 C8 38 08 00 00 00 20 3F 20 00 00 00 
10 08 08 08 C8 38 08 00 20 38 26 21 20 20 18 00 
00 00 00 FE 02 02 02 00 00 00 00 7F 40 40 40 00 
00 0C 30 C0 00 00 00 00 00 00 00 01 06 38 C0 00 
00 02 02 02 FE 00 00 00 00 40 40 40 7F 00 00 00 
00 00 04 02 02 02 04 00 00 00 00 00 00 00 00 00 
00 00 00 00 00 00 00 00 80 80 80 80 80 80 80 80 
00 02 02 04 00 00 00 00 00 00 00 00 00 00 00 00 
00 00 80 80 80 80 00 00 00 19 24 22 22 22 3F 20 
08 F8 00 80 80 00 00 00 00 3F 11 20 20 11 0E 00 
00 00 00 80 80 80 00 00 00 0E 11 20 20 20 11 00 
00 00 00 80 80 88 F8 00 00 0E 11 20 20 10 3F 20 
00 00 80 80 80 80 00 00 00 1F 22 22 22 22 13 00 
00 80 80 F0 88 88 88 18 00 20 20 3F 20 20 00 00 
00 00 80 80 80 80 80 00 00 6B 94 94 94 93 60 00 
08 F8 00 80 80 80 00 00 20 3F 21 00 00 20 3F 20 
00 80 98 98 00 00 00 00 00 20 20 3F 20 20 00 00 
00 00 00 80 98 98 00 00 00 C0 80 80 80 7F 00 00 
08 F8 00 00 80 80 80 00 20 3F 24 02 2D 30 20 00 
00 08 08 F8 00 00 00 00 00 20 20 3F 20 20 00 00 
80 80 80 80 80 80 80 00 20 3F 20 00 3F 20 00 3F 
80 80 00 80 80 80 00 00 20 3F 21 00 00 20 3F 20 
00 00 80 80 80 80 00 00 00 1F 20 20 20 20 1F 00 
80 80 00 80 80 00 00 00 80 FF A1 20 20 11 0E 00 
00 00 00 80 80 80 80 00 00 0E 11 20 20 A0 FF 80 
80 80 80 00 80 80 80 00 20 20 3F 21 20 00 01 00 
00 00 80 80 80 80 80 00 00 33 24 24 24 24 19 00 
00 80 80 E0 80 80 00 00 00 00 00 1F 20 20 00 00 
80 80 00 00 00 80 80 00 00 1F 20 20 20 10 3F 20 
80 80 80 00 00 80 80 80 00 01 0E 30 08 06 01 00 
80 80 00 80 00 80 80 80 0F 30 0C 03 0C 30 0F 00 
00 80 80 00 80 80 80 00 00 20 31 2E 0E 31 20 00 
80 80 80 00 00 80 80 80 80 81 8E 70 18 06 01 00 
00 80 80 80 80 80 80 00 00 21 30 2C 22 21 30 00 
00 00 00 00 80 7C 02 02 00 00 00 00 00 3F 40 40 
00 00 00 00 FF 00 00 00 00 00 00 00 FF 00 00 00 
00 02 02 7C 80 00 00 00 00 40 40 3F 00 00 00 00 
00 06 01 01 02 02 04 04 00 00 00 00 00 00 00 00 
00 10 10 10 94 D8 70 30 FE 30 58 DC 96 90 10 00 
00 00 00 00 00 00 00 00 00 00 00 00 00 00 00 00 
00 04 C5 45 44 24 34 1C 0F 1C 24 24 44 45 44 00 
00 00 00 00 00 00 00 00 00 00 00 00 00 00 00 00 
00 60 64 E4 7C 64 64 FC 64 60 FC 00 00 FE 00 00 
00 00 00 00 00 00 00 00 00 00 00 00 00 00 00 00 
00 42 43 49 48 48 48 7F 7C 48 48 48 4A 4B 40 00 
00 00 00 00 00 00 00 00 00 00 00 00 00 00 00 00 
00 00 0C CC CC 0C 0C 0C FC 8C 8C 8C 8C 8C 00 00 
00 00 00 00 00 00 00 00 00 00 00 00 00 00 00 00 
00 40 40 7F 7F 40 40 40 7F 41 41 41 41 41 40 00 
00 00 00 00 00 00 00 00 00 00 00 00 00 00 00 00 
00 E4 24 24 3C 04 08 08 C8 38 0E 08 C8 08 08 00 
00 00 00 00 00 00 00 00 00 00 00 00 00 00 00 00 
00 03 42 42 7E 02 02 63 72 2A 26 23 21 38 60 00 
00 00 00 00 00 00 00 00 00 00 00 00 00 00 00 00 
00 60 44 CC 08 00 F8 88 88 88 FE 88 88 B8 08 00 
00 00 00 00 00 00 00 00 00 00 00 00 00 00 00 00 
00 30 18 0E 62 B8 C7 40 67 2C 10 2C 67 40 40 00 
00 00 00 00 00 00 00 00 00 00 00 00 00 00 00 00 
00 00 08 88 88 88 88 88 88 88 88 88 88 08 00 00 
00 00 00 00 00 00 00 00 00 00 00 00 00 00 00 00 
00 20 20 21 21 21 21 21 21 21 21 21 21 20 20 00 
00 00 00 00 00 00 00 00 00 00 00 00 00 00 00 00 
00 20 20 F0 38 2E 2A 28 E8 38 38 20 20 E0 00 00 
00 00 00 00 00 00 00 00 00 00 00 00 00 00 00 00 
00 40 60 1F 09 09 09 09 7F 09 09 49 49 7F 00 00 
00 00 00 00 00 00 00 00 00 00 00 00 00 00 00 00 
00 10 10 10 10 F0 12 1E 14 10 10 10 10 10 10 00 
00 00 00 00 00 00 00 00 00 00 00 00 00 00 00 00 
00 00 40 30 18 0F 01 01 01 41 41 71 3F 00 00 00 
00 00 00 00 00 00 00 00 00 00 00 00 00 00 00 00 
00 F0 10 FE 10 F0 00 04 F4 94 94 94 94 F4 04 00 
00 00 00 00 00 00 00 00 00 00 00 00 00 00 00 00 
00 1F 00 7F 08 1F 00 7F 29 29 3F 3F 29 29 7F 00 
00 00 00 00 00 00 00 00 00 00 00 00 00 00 00 00 
00 00 F8 08 48 48 F8 48 4E 48 48 F8 48 48 00 00 
00 00 00 00 00 00 00 00 00 00 00 00 00 00 00 00 
00 60 3F 00 84 44 4D 5D 35 25 55 4D 44 40 C0 00 
00 00 00 00 00 00 00 00 00 00 00 00 00 00 00 00 
00 00 00 FC 84 B4 B4 FC FC B4 B4 84 04 FC 00 00 
00 00 00 00 00 00 00 00 00 00 00 00 00 00 00 00 
00 60 3E 03 00 1E 12 12 12 12 5E 40 40 7F 00 00 
00 00 00 00 00 00 00 00 00 00 00 00 00 00 00 00 
00 08 FE FE 48 48 FE FE 08 00 FC 44 44 44 FC 00 
00 00 00 00 00 00 00 00 00 00 00 00 00 00 00 00 
00 64 3F 17 05 0D 17 67 E4 3C 0F 02 02 42 7F 00 
00 00 00 00 00 00 00 00 00 00 00 00 00 00 00 00 
7C 40 78 00 B0 12 8C 1E 7C 40 40 00 B0 12 DA 1F 
7C 40 B0 00 B0 12 DA 1F 7C 40 C8 00 B0 12 DA 1F 
7C 40 81 00 B0 12 DA 1F 7C 43 B0 12 DA 1F 7C 40 
A1 00 B0 12 DA 1F 7C 40 A6 00 B0 12 DA 1F 7C 40 
A8 00 B0 12 DA 1F 7C 40 1F 00 B0 12 DA 1F 7C 40 
D3 00 B0 12 DA 1F 4C 43 B0 12 DA 1F 7C 40 D5 00 
B0 12 DA 1F 7C 40 F0 00 B0 12 DA 1F 7C 40 D9 00 
B0 12 DA 1F 7C 40 22 00 B0 12 DA 1F 7C 40 DA 00 
B0 12 DA 1F 6C 43 B0 12 DA 1F 7C 40 DB 00 B0 12 
DA 1F 7C 40 49 00 B0 12 DA 1F 7C 40 8D 00 B0 12 
DA 1F 7C 40 14 00 B0 12 DA 1F 7C 40 AF 00 B0 12 
DA 1F 30 41 0A 12 09 12 08 12 07 12 06 12 05 12 
09 4F 05 4E 06 4D 07 4C 48 43 4A 43 31 3C 0D 49 
4D 8A 5D 83 7C 40 0A 00 B0 12 58 1F 0D 4C 0C 45 
B0 12 70 1F 3D 40 0A 00 B0 12 70 1F 4E 4E 48 93 
13 20 4F 49 1F 83 4D 4A 0D 9F 0E 34 4E 93 0B 20 
0C 4A 4C 5C 4C 5C 4C 5C 4C 57 0D 46 7E 40 20 00 
B0 12 22 1C 0C 3C 58 43 0C 4A 4C 5C 4C 5C 4C 5C 
4C 57 3F 40 30 00 4E 5F 0D 46 B0 12 22 1C 5A 53 
4A 99 CD 2B 30 40 C0 1F 0A 12 09 12 08 12 07 12 
4C 4C 1C 83 14 24 1C 83 0D 24 1C 83 07 24 1C 83 
2B 20 69 42 07 49 78 40 40 00 26 3C 69 42 07 49 
48 43 22 3C 49 43 07 49 78 40 40 00 1D 3C 49 43 
07 49 08 47 19 3C 0C 47 7C 80 50 00 B0 12 DA 1F 
4C 43 B0 12 DA 1F 7C 40 10 00 B0 12 DA 1F 0A 48 
04 3C 4C 43 B0 12 CE 1F 5A 53 4F 48 3F 50 40 00 
4E 4A 0E 9F F6 3B 57 53 4F 49 2F 52 4E 47 0E 9F 
E2 3B 30 40 C4 1F 0A 12 09 12 08 12 0A 4C 78 4A 
09 43 11 3C 0E 4D 0E 8B 1E 83 1D 53 FD 4E FF FF 
1F 83 FB 23 03 3C 1D 53 FD 4A FF FF 12 C3 08 10 
19 53 39 92 EC 37 18 B3 F6 23 7B 4A 7F 4A 0C 4B 
B0 12 32 1F 0B 4C 0C 4F B0 12 7E 1D 3C F0 0F 00 
0B DC 3F F0 0F 00 3F 50 03 00 3F 90 12 00 0C 20 
7E 4A 3E B0 80 00 07 24 7C 4A 4C 4C B0 12 2C 1F 
3E F0 7F 00 0E DC 0F 5E 3B 90 FF 0F CB 23 30 40 
C6 1F 0A 12 09 12 08 12 07 12 08 4D 07 4C 7E 80 
20 00 09 4E 77 90 80 00 02 28 47 43 68 53 0C 47 
0D 48 B0 12 B8 1E 4A 43 7A 92 0C 2C 4C 49 B0 12 
32 1F 4F 4A 0C 5F 5C 4C 00 11 B0 12 CE 1F 5A 53 
7A 92 F4 2B 1D 43 4D 58 0C 47 B0 12 B8 1E 4A 43 
7A 92 0C 2C 4C 49 B0 12 32 1F 4F 4A 0C 5F 5C 4C 
08 11 B0 12 CE 1F 5A 53 7A 92 F4 2B 30 40 C4 1F 
0A 12 09 12 08 12 07 12 09 4E 08 4D 07 4C B0 12 
B8 1E 4A 43 7A 90 10 00 0E 2C 4C 49 B0 12 2E 1F 
3C 50 F0 16 4F 4A 0C 5F 6C 4C B0 12 CE 1F 5A 53 
7A 90 10 00 F2 2B 1D 43 4D 58 0C 47 B0 12 B8 1E 
4A 43 7A 90 10 00 0E 2C 4C 49 B0 12 2E 1F 3C 50 
10 17 4F 4A 0C 5F 6C 4C B0 12 CE 1F 5A 53 7A 90 
10 00 F2 2B 30 40 C4 1F B2 40 80 5A 20 01 B0 12 
5E 1E B0 12 F0 19 B0 12 1C 1E 1C 43 0D 43 0E 43 
B0 12 90 1C 3C 40 10 00 0D 43 1E 43 B0 12 90 1C 
3C 40 20 00 0D 43 1E 42 00 02 3F 40 05 00 B0 12 
A4 1A 1C 43 B0 12 28 1B F2 43 36 00 F2 40 55 00 
35 00 E3 3F 3D F0 0F 00 3D E0 0F 00 0D 5D 0D 5D 
00 5D 12 C3 0C 10 12 C3 0C 10 12 C3 0C 10 12 C3 
0C 10 12 C3 0C 10 12 C3 0C 10 12 C3 0C 10 12 C3 
0C 10 12 C3 0C 10 12 C3 0C 10 12 C3 0C 10 12 C3 
0C 10 12 C3 0C 10 12 C3 0C 10 12 C3 0C 10 30 41 
E2 43 52 00 E2 D3 70 00 F2 D0 0B 00 71 00 F2 B0 
20 00 51 00 FC 27 C2 4C 76 00 0D 12 3D 40 BD 5D 
1D 83 FE 23 3D 41 00 3C F2 B0 20 00 51 00 FC 27 
C2 4D 76 00 0D 12 3D 40 BD 5D 1D 83 FE 23 3D 41 
00 3C E2 B3 71 00 FD 23 30 41 0A 12 09 12 3F 40 
FE 1F 3F 90 02 20 16 24 3F 40 02 20 3F 90 06 20 
11 24 3A 40 06 20 3A 80 02 20 0A 11 0A 11 39 40 
02 20 3C 49 7F 4C 0F 5F 1F 4F FE 1F 3D 49 8F 12 
1A 83 F7 23 B0 12 F6 1F 30 40 C8 1F 0A 12 09 12 
49 43 79 92 1A 2C 0C 49 7C 80 50 00 B0 12 DA 1F 
4C 43 B0 12 DA 1F 7C 40 10 00 B0 12 DA 1F 4A 43 
7A 90 80 00 07 2C 4C 43 B0 12 CE 1F 5A 53 7A 90 
80 00 F9 2B 59 53 79 92 E6 2B 30 40 C8 1F F2 F0 
7F 00 57 00 F2 D0 88 00 58 00 E2 C3 02 00 4F 43 
7F 90 64 00 05 2C 03 43 5F 53 7F 90 64 00 FB 2B 
E2 B3 02 00 F2 23 E2 C3 02 00 30 41 F2 D0 0A 00 
1B 00 F2 F0 F5 00 1A 00 F2 D0 24 00 70 00 D2 C3 
70 00 F2 40 20 00 71 00 4C 4C 0C 11 82 4C 1A 01 
D2 D3 70 00 32 D2 30 41 0A 12 0A 4C 0C 4D 7C 80 
50 00 B0 12 DA 1F 4C 4A B0 12 06 1F 3F 40 10 00 
4C DF B0 12 DA 1F 3C 40 0F 00 4C FA B0 12 DA 1F 
3A 41 30 41 3D F0 0F 00 3D E0 0F 00 0D 5D 00 5D 
0C 11 0C 11 0C 11 0C 11 0C 11 0C 11 0C 11 0C 11 
0C 11 0C 11 0C 11 0C 11 0C 11 0C 11 0C 11 30 41 
3D F0 0F 00 3D E0 0F 00 0D 5D 00 5D 0C 5C 0C 5C 
0C 5C 0C 5C 0C 5C 0C 5C 0C 5C 0C 5C 0C 5C 0C 5C 
0C 5C 0C 5C 0C 5C 0C 5C 0C 5C 30 41 31 40 00 0A 
B0 12 F2 1F 0C 93 02 24 B0 12 DA 1D 0C 43 B0 12 
F8 1C 1C 43 B0 12 EC 1F 0F 4D 0B 4C 1C 43 03 3C 
4D 4B B0 12 86 1F 0E 4F 5F 83 4E 93 F9 23 30 41 
0E 43 0F 4C 1C 43 0F 5F 0E 6E 0E 9D 01 28 0E 8D 
0C 6C F9 2B 30 41 02 12 32 C2 03 43 82 4C 30 01 
82 4D 38 01 1C 42 3A 01 00 13 0F 4C 0C 4D 3D 40 
03 00 0D 5F 1E 4F 01 00 30 40 AC 1F 0E 93 06 24 
0F 4C 1F 53 FF 4D FF FF 1E 83 FB 23 30 41 34 41 
35 41 36 41 37 41 38 41 39 41 3A 41 30 41 0D 4C 
7C 40 40 00 B0 12 90 1D 30 41 0D 4C 4C 43 B0 12 
90 1D 30 41 32 D0 10 00 FD 3F 03 43 03 43 FF 3F 
03 43 1C 43 30 41 30 41 01 00 02 00 44 30 A6 1B 
9A 1F F8 1F 00 02 
@ffe0
E4 1F E4 1F E4 1F E4 1F E4 1F E4 1F E4 1F E4 1F 
E4 1F E4 1F E4 1F E4 1F E4 1F E4 1F E4 1F 3C 1F 
q
